$object "" {
 #version 1.0
 #tag MergeMeshes "1"
 #tag Coords "XZY"
 #tag Scale "1.000000"
 $node "Scene_Root" {
  $frame {
    1 0 0
    0 1 0
    0 0 1
    0 0 0
   
  }
  $node "EntityPosition" {
   $frame {
     1 0 0
     0 0 -1
     0 1 0
     0 0 0
    
   }
  }
  $node "Root" {
   $frame {
     1 0 0
     0 0 -1
     0 1 0
     0 0 0
    
   }
   $node "LeftFoot_IK_Target" {
    $frame {
      0.99018 -0.13953 0.00909
      0.12495 0.85378 -0.50543
      0.06276 0.5016 0.86282
      0.1802878 -0.0770378 0.0999886
     
    }
   }
   $node "LeftHand_IK_Target" {
    $frame {
      0.2176 -0.62061 -0.75332
      0.59313 0.69704 -0.40291
      0.77514 -0.35914 0.51978
      0.4983154 0.0720785 1.0458705
     
    }
   }
   $node "RightFoot_IK_Target" {
    $frame {
      0.99018 0.13953 -0.0091
      0.12495 -0.85378 0.50542
      0.06275 -0.50159 -0.86282
      -0.180289 -0.0770349 0.099978
     
    }
   }
   $node "RightHand_IK_Target" {
    $frame {
      0.21761 0.62061 0.75332
      0.59313 -0.69704 0.40291
      0.77514 0.35914 -0.51978
      -0.4983156 0.072078 1.0458633
     
    }
   }
   $node "Spine_IK_Target" {
    $frame {
      -1 0 0
      -0.00001 -0.09896 0.99509
      -0 0.99509 0.09896
      -0.0000012 -0.0252833 1.1915535
     
    }
   }
   $node "Hips" {
    $frame {
      -1 0 0
      0 0 1
      0 1 0
      0 -0.0202228 0.9345503
     
    }
    $node "Spine1" {
     $frame {
       1 0 0
       -0 0.99713 0.07574
       0 -0.07574 0.99713
       0 0.0493242 0.0047645
      
     }
     $node "Spine2" {
      $frame {
        1 0 0
        0.00001 0.99392 -0.11014
        0 0.11014 0.99392
        -0 0.0536598 0.0000007
       
      }
      $node "Spine3" {
       $frame {
         1 0 0
         0 0.99811 -0.06142
         -0 0.06142 0.99811
         -0 0.0458808 0.0000015
        
       }
       $node "Spine4" {
        $frame {
          1 0 0
          0 0.97973 -0.20034
          0 0.20034 0.97973
          0 0.0556446 0.0000314
         
        }
        $node "Spine5" {
         $frame {
           1 0 0
           -0 0.98035 0.19729
           0 -0.19729 0.98035
           -0.0000001 0.0527053 0.0088425
          
         }
         $node "Neck1" {
          $frame {
            -1 0 0
            -0 0.94466 0.32805
            0.00001 0.32805 -0.94466
            0 0.2903318 -0.000035
           
          }
          $node "Neck2" {
           $frame {
             1 0 0
             -0 0.99845 0.05569
             0 -0.05569 0.99845
             -0 0.0498823 -0.0000553
            
           }
           $node "Neck3" {
            $frame {
              1 0 0
              0 0.99619 0.08716
              -0 -0.08716 0.99619
              0 0.0477036 -0.0000342
             
            }
            $node "Head" {
             $frame {
               1 0 0
               -0 0.99576 0.09199
               0 -0.09199 0.99576
               0 0.042262 0.0020515
              
             }
             $node "Camera" {
              $frame {
                1 0 0
                0 1 0
                0 0 1
                0 0 0
               
              }
             }
             $node "BlowChick_left" {
              $frame {
                -0.02247 0.95601 -0.29247
                0.92821 -0.08871 -0.36132
                -0.37137 -0.27959 -0.88539
                0.0619315 0.0150869 -0.0740805
               
              }
             }
             $node "BlowChick_right" {
              $frame {
                -0.0169 -0.96076 0.27687
                -0.9282 -0.08787 -0.36156
                0.3717 -0.2631 -0.89029
                -0.0619322 0.0150891 -0.0740797
               
              }
             }
             $node "CorrugatorSupercilii_left" {
              $frame {
                -0.96551 -0.25883 -0.0282
                0.26035 -0.95916 -0.11057
                0.00157 -0.1141 0.99347
                0.0185576 0.0838202 -0.108472
               
              }
             }
             $node "CorrugatorSupercilii_right" {
              $frame {
                0.96412 -0.26275 -0.03779
                -0.26529 -0.9587 -0.10258
                -0.00928 0.10892 -0.99401
                -0.0185581 0.0838187 -0.1084723
               
              }
             }
             $node "DepressorAnguli_left" {
              $frame {
                -0.77906 -0.39742 -0.4849
                0.39909 -0.91084 0.10533
                -0.48353 -0.11146 0.8682
                0.028871 -0.0155253 -0.104761
               
              }
             }
             $node "DepressorAnguli_right" {
              $frame {
                -0.77905 0.39743 0.48491
                -0.3991 -0.91084 0.10534
                0.48354 -0.11146 0.8682
                -0.0288728 -0.0155213 -0.1047609
               
              }
             }
             $node "DepressorSeptiNasil" {
              $frame {
                1 0 0
                -0 0.63351 -0.77373
                0 0.77373 0.63351
                -0 0.0254211 -0.1197763
               
              }
             }
             $node "LeftFacialNoseCorner" {
              $frame {
                1 0 0
                0 0 -1
                0 1 0
                0.0000034 0.0303595 -0.1119897
               
              }
             }
             $node "LevatorAnguli_left" {
              $frame {
                0.97926 -0.18837 0.07461
                0.17243 0.9682 0.18124
                -0.10638 -0.16462 0.9806
                0.0275187 0.021637 -0.1052339
               
              }
             }
             $node "LevatorAnguli_right" {
              $frame {
                0.97926 0.18836 -0.07462
                -0.17242 0.96821 0.18124
                0.10639 -0.16461 0.9806
                -0.0275196 0.0216387 -0.105233
               
              }
             }
             $node "LevatorLabii_left" {
              $frame {
                0.99302 -0.10877 0.04559
                0.07257 0.86823 0.49082
                -0.09297 -0.48409 0.87006
                0.0297954 0.0369557 -0.1051574
               
              }
             }
             $node "LevatorLabii_right" {
              $frame {
                0.99302 0.10876 -0.0456
                -0.07255 0.86823 0.49082
                0.09298 -0.48409 0.87007
                -0.0297961 0.0369595 -0.105159
               
              }
             }
             $node "LevatorSuperioris_left" {
              $frame {
                0.95959 0.08665 0.26774
                -0.0786 0.99608 -0.04066
                -0.27021 0.01798 0.96263
                0.0177895 0.0329224 -0.1064235
               
              }
             }
             $node "LevatorSuperioris_right" {
              $frame {
                0.95958 -0.08666 -0.26775
                0.07861 0.99608 -0.04067
                0.27022 0.01797 0.96263
                -0.0177905 0.0329188 -0.106425
               
              }
             }
             $node "MassaterStretch_left" {
              $frame {
                -0.0273 0.90591 -0.42259
                -0.15223 -0.42159 -0.89392
                -0.98797 0.03993 0.14942
                0.067663 0.0287702 -0.0389651
               
              }
             }
             $node "MassaterStretch_right" {
              $frame {
                -0.02731 -0.90591 0.42259
                0.15223 -0.42159 -0.89392
                0.98797 0.03992 0.14941
                -0.0676627 0.0287691 -0.0389642
               
              }
             }
             $node "Massater_left" {
              $frame {
                0.00729 -0.95443 0.29834
                0.32368 0.28454 0.90237
                -0.94614 0.08999 0.31101
                0.0635562 0.0206031 -0.0564726
               
              }
             }
             $node "Massater_right" {
              $frame {
                0.0073 0.95443 -0.29834
                -0.32367 0.28454 0.90237
                0.94614 0.08998 0.311
                -0.0635558 0.0206091 -0.0564723
               
              }
             }
             $node "Mentalis_left" {
              $frame {
                -0.74245 -0.56779 -0.35549
                0.65704 -0.72068 -0.22117
                -0.13062 -0.39778 0.90813
                0.010307 -0.0154727 -0.1147354
               
              }
             }
             $node "Mentalis_right" {
              $frame {
                -0.74244 0.5678 0.3555
                -0.65705 -0.72067 -0.22117
                0.13062 -0.39779 0.90813
                -0.0103092 -0.015471 -0.1147356
               
              }
             }
             $node "Nasalis_left" {
              $frame {
                0.95713 0.15575 -0.24424
                -0.26039 0.83199 -0.48989
                0.1269 0.53249 0.83687
                0.0144419 0.0421155 -0.1099102
               
              }
             }
             $node "Nasalis_right" {
              $frame {
                0.95713 -0.15576 0.24423
                0.2604 0.83198 -0.48989
                -0.12689 0.53249 0.83687
                -0.014442 0.0421181 -0.1099112
               
              }
             }
             $node "Occipitalis_left" {
              $frame {
                -0.93677 0.06626 0.34361
                -0.00384 0.9799 -0.19943
                -0.34992 -0.18814 -0.91769
                0.0359003 0.0972104 0.0785288
               
              }
             }
             $node "Occipitalis_right" {
              $frame {
                -0.93678 -0.06625 -0.3436
                0.00385 0.97991 -0.19942
                0.34991 -0.18814 -0.9177
                -0.0358981 0.0972087 0.0785283
               
              }
             }
             $node "Occipitofrontalis_left" {
              $frame {
                0.91996 -0.25068 0.30139
                0.05779 0.84714 0.52822
                -0.38773 -0.46852 0.79382
                0.0262743 0.1202303 -0.0935337
               
              }
             }
             $node "Occipitofrontalis_right" {
              $frame {
                0.91996 0.25066 -0.30139
                -0.05777 0.84714 0.52823
                0.38773 -0.46854 0.79381
                -0.0262734 0.1202294 -0.0935318
               
              }
             }
             $node "OrbicularisOculi_bottomCenterLid_left" {
              $frame {
                0.99519 0.06865 0.06986
                -0.05859 0.98882 -0.13715
                -0.0785 0.1324 0.98808
                0.0310823 0.0620206 -0.0943374
               
              }
             }
             $node "OrbicularisOculi_bottomCenterLid_right" {
              $frame {
                0.99519 -0.06867 -0.06987
                0.0586 0.98882 -0.13715
                0.07851 0.13239 0.98808
                -0.0310821 0.062019 -0.0943368
               
              }
             }
             $node "OrbicularisOculi_bottomCenter_left" {
              $frame {
                0.99546 -0.08431 -0.04414
                0.09517 0.88189 0.46176
                -0 -0.46386 0.88591
                0.0272547 0.0539811 -0.0977097
               
              }
             }
             $node "OrbicularisOculi_bottomCenter_right" {
              $frame {
                0.99546 0.0843 0.04413
                -0.09515 0.88189 0.46176
                0 -0.46386 0.88591
                -0.0272554 0.0539792 -0.0977094
               
              }
             }
             $node "OrbicularisOculi_bottomLeftLid_left" {
              $frame {
                0.58274 0.26966 0.76662
                -0.12722 0.96198 -0.24168
                -0.80264 0.04331 0.59489
                0.0412075 0.0640077 -0.0885823
               
              }
             }
             $node "OrbicularisOculi_bottomLeftLid_right" {
              $frame {
                0.58273 -0.26967 -0.76662
                0.12723 0.96198 -0.24168
                0.80265 0.0433 0.59488
                -0.0412074 0.064009 -0.0885805
               
              }
             }
             $node "OrbicularisOculi_bottomLeft_left" {
              $frame {
                0.52252 0.41834 0.74294
                -0.71474 0.69001 0.11416
                -0.46488 -0.59066 0.65955
                0.0440847 0.0560144 -0.090638
               
              }
             }
             $node "OrbicularisOculi_bottomLeft_right" {
              $frame {
                0.52251 -0.41835 -0.74295
                0.71475 0.69 0.11415
                0.46488 -0.59067 0.65955
                -0.0440848 0.0560191 -0.0906377
               
              }
             }
             $node "OrbicularisOculi_bottomRightLid_left" {
              $frame {
                0.97018 -0.13717 -0.19983
                0.15296 0.98604 0.06576
                0.18802 -0.09436 0.97762
                0.0200623 0.0639321 -0.0939319
               
              }
             }
             $node "OrbicularisOculi_bottomRightLid_right" {
              $frame {
                0.97018 0.13716 0.19982
                -0.15294 0.98605 0.06575
                -0.18802 -0.09435 0.97762
                -0.0200619 0.0639286 -0.093932
               
              }
             }
             $node "OrbicularisOculi_bottomRight_left" {
              $frame {
                0.82142 -0.53489 -0.19788
                0.52944 0.58617 0.61327
                -0.21204 -0.60852 0.76469
                0.0157037 0.0601756 -0.0975261
               
              }
             }
             $node "OrbicularisOculi_bottomRight_right" {
              $frame {
                0.82143 0.53488 0.19787
                -0.52943 0.58618 0.61327
                0.21204 -0.60851 0.76469
                -0.0157049 0.0601789 -0.0975272
               
              }
             }
             $node "OrbicularisOculi_cornerLeft_left" {
              $frame {
                -0.00941 0.99996 -0
                -0.80496 -0.00758 -0.59328
                -0.59325 -0.00559 0.805
                0.0496733 0.0674626 -0.0808934
               
              }
             }
             $node "OrbicularisOculi_cornerLeft_right" {
              $frame {
                -0.00943 -0.99996 -0
                0.80496 -0.00759 -0.59328
                0.59325 -0.00559 0.805
                -0.049673 0.0674585 -0.0808922
               
              }
             }
             $node "OrbicularisOculi_nostril_left" {
              $frame {
                -0.22761 0.14687 -0.96261
                -0.00635 -0.98876 -0.14936
                -0.97373 -0.02789 0.22599
                0.0078409 0.0705094 -0.1019763
               
              }
             }
             $node "OrbicularisOculi_nostril_right" {
              $frame {
                -0.22761 -0.14687 0.96261
                -0.16285 -0.9689 -0.18633
                0.96004 -0.19918 0.19661
                -0.0078413 0.0705086 -0.1019751
               
              }
             }
             $node "OrbicularisOculi_upperCenterLid_left" {
              $frame {
                -0.99004 -0.00366 -0.14071
                0.0184 -0.99445 -0.10363
                -0.13955 -0.10519 0.98461
                0.0298307 0.0753909 -0.0965119
               
              }
             }
             $node "OrbicularisOculi_upperCenterLid_right" {
              $frame {
                -0.99004 0.00367 0.14072
                -0.01842 -0.99445 -0.10363
                0.13956 -0.10519 0.98461
                -0.0298302 0.0753889 -0.096512
               
              }
             }
             $node "OrbicularisOculi_upperCenter_left" {
              $frame {
                -0.90222 0.03738 -0.42964
                -0.01908 -0.99872 -0.04683
                -0.43085 -0.03405 0.90178
                0.0351057 0.0872023 -0.1029646
               
              }
             }
             $node "OrbicularisOculi_upperCenter_right" {
              $frame {
                0.885 0.03598 -0.46421
                -0.00737 -0.9958 -0.09124
                -0.46554 0.08417 -0.88102
                -0.0321055 0.0864929 -0.1062468
               
              }
             }
             $node "OrbicularisOculi_upperLeftLid_left" {
              $frame {
                -0.95417 -0.17493 0.24283
                0.16198 -0.98413 -0.07248
                0.25165 -0.02982 0.96736
                0.0197477 0.0716236 -0.0938242
               
              }
             }
             $node "OrbicularisOculi_upperLeftLid_right" {
              $frame {
                -0.95417 0.17494 -0.24282
                -0.16199 -0.98413 -0.07248
                -0.25164 -0.02982 0.96736
                -0.0197486 0.0716192 -0.0938235
               
              }
             }
             $node "OrbicularisOculi_upperLeft_left" {
              $frame {
                -0.88553 -0.41222 0.21425
                0.41418 -0.49161 0.76601
                -0.21044 0.76707 0.60607
                0.0158286 0.0759968 -0.1015978
               
              }
             }
             $node "OrbicularisOculi_upperLeft_right" {
              $frame {
                -0.88553 0.41223 -0.21424
                -0.41418 -0.49161 0.76601
                0.21045 0.76706 0.60607
                -0.0158275 0.0759983 -0.1015977
               
              }
             }
             $node "OrbicularisOculi_upperRightLid_left" {
              $frame {
                -0.78308 0.26929 -0.5606
                -0.31361 -0.94938 -0.01797
                -0.53706 0.16174 0.82789
                0.0399439 0.0730306 -0.0933361
               
              }
             }
             $node "OrbicularisOculi_upperRightLid_right" {
              $frame {
                -0.78307 -0.26928 0.56061
                0.3136 -0.94939 -0.01798
                0.53708 0.16173 0.82789
                -0.0399426 0.073028 -0.0933353
               
              }
             }
             $node "OrbicularisOculi_upperRight_left" {
              $frame {
                -0.66943 0.27864 -0.68864
                -0.00524 -0.92874 -0.37069
                -0.74286 -0.24454 0.62318
                0.0488311 0.0822052 -0.0911681
               
              }
             }
             $node "OrbicularisOculi_upperRight_right" {
              $frame {
                0.78553 0.4311 -0.44396
                0.18459 -0.84799 -0.49683
                -0.59065 0.30832 -0.7457
                -0.0486308 0.0802177 -0.0953669
               
              }
             }
             $node "Orbicularis_bottomCenter" {
              $frame {
                -1 0 0
                0 -1 0
                0 0 1
                -0 -0.0087602 -0.1149849
               
              }
             }
             $node "Orbicularis_bottomCenterLips" {
              $frame {
                -1 0 0
                -0 -0.99431 -0.10651
                -0 -0.10651 0.99431
                -0 0.0021453 -0.1202097
               
              }
             }
             $node "Orbicularis_bottomLeft" {
              $frame {
                -0.74113 -0.51953 -0.42522
                0.44587 -0.85441 0.2668
                -0.50193 0.00813 0.86487
                0.017206 -0.0059415 -0.1129442
               
              }
             }
             $node "Orbicularis_bottomLipsLeft" {
              $frame {
                -0.81324 -0.10239 -0.57285
                0.18241 -0.97964 -0.08386
                -0.5526 -0.17269 0.81536
                0.013079 0.0035861 -0.1157421
               
              }
             }
             $node "Orbicularis_bottomLipsRight" {
              $frame {
                -0.81323 0.1024 0.57286
                -0.18242 -0.97964 -0.08385
                0.55261 -0.17269 0.81535
                -0.0130795 0.0035886 -0.1157416
               
              }
             }
             $node "Orbicularis_bottomRight" {
              $frame {
                -0.74112 0.51954 0.42523
                -0.44588 -0.85441 0.26681
                0.50194 0.00814 0.86487
                -0.017207 -0.0059412 -0.1129433
               
              }
             }
             $node "Orbicularis_cornerLeft" {
              $frame {
                0.04298 -0.99908 -0
                0.82928 0.03567 0.55769
                -0.55717 -0.02397 0.83005
                0.0293036 0.0047223 -0.1059897
               
              }
             }
             $node "Orbicularis_cornerRight" {
              $frame {
                0.04299 0.99908 0
                -0.82928 0.03568 0.5577
                0.55718 -0.02397 0.83005
                -0.0293047 0.0047188 -0.1059893
               
              }
             }
             $node "Orbicularis_upperCenter" {
              $frame {
                1 0 0
                0 1 0
                0 0 1
                -0 0.0198508 -0.1178624
               
              }
             }
             $node "Orbicularis_upperCenterLips" {
              $frame {
                1 0 0
                0 0.97476 0.22325
                -0 -0.22325 0.97476
                0 0.0095251 -0.118416
               
              }
             }
             $node "Orbicularis_upperLeft" {
              $frame {
                0.91886 -0.36443 0.15128
                0.25332 0.83879 0.48194
                -0.30252 -0.40451 0.86305
                0.0146923 0.0180365 -0.1129542
               
              }
             }
             $node "Orbicularis_upperLeftLips" {
              $frame {
                0.84421 -0.31583 0.43307
                0.26409 0.94818 0.17669
                -0.46644 -0.0348 0.88387
                0.0123996 0.0081464 -0.11437
               
              }
             }
             $node "Orbicularis_upperRight" {
              $frame {
                0.91887 0.36441 -0.15128
                -0.25331 0.83879 0.48194
                0.30252 -0.40452 0.86305
                -0.0146923 0.018038 -0.1129532
               
              }
             }
             $node "Orbicularis_upperRightLips" {
              $frame {
                0.84421 0.31582 -0.43308
                -0.26407 0.94818 0.1767
                0.46645 -0.03481 0.88386
                -0.0124008 0.0081487 -0.1143694
               
              }
             }
             $node "Procerus" {
              $frame {
                1 0 0
                0 0.97554 -0.21982
                0 0.21982 0.97554
                0 0.082958 -0.109438
               
              }
             }
             $node "Risorius_left" {
              $frame {
                0.04349 -0.9288 0.36801
                0.45106 0.34693 0.8223
                -0.89143 0.13023 0.43403
                0.054339 0.0018066 -0.0782258
               
              }
             }
             $node "Risorius_right" {
              $frame {
                0.0435 0.9288 -0.36801
                -0.45105 0.34694 0.82231
                0.89144 0.13022 0.43403
                -0.0543407 0.0018087 -0.0782257
               
              }
             }
             $node "Temporalis_back_left" {
              $frame {
                -0.05338 0.90602 -0.41985
                -0.22829 -0.42039 -0.87816
                -0.97213 0.04897 0.22927
                0.0699952 0.0850092 -0.0181478
               
              }
             }
             $node "Temporalis_back_right" {
              $frame {
                -0.05339 -0.90602 0.41985
                0.22826 -0.42039 -0.87816
                0.97213 0.04896 0.22926
                -0.0699944 0.0850084 -0.0181471
               
              }
             }
             $node "Temporalis_front_left" {
              $frame {
                -0.30661 -0.04189 -0.95091
                0.10525 -0.9944 0.00987
                -0.946 -0.09706 0.3093
                0.0633904 0.0972681 -0.0527825
               
              }
             }
             $node "Temporalis_front_right" {
              $frame {
                -0.3066 0.04189 0.95092
                -0.10527 -0.9944 0.00987
                0.946 -0.09707 0.30929
                -0.0633894 0.0972683 -0.0527822
               
              }
             }
             $node "ZygomaticusMajor_left" {
              $frame {
                0.11606 -0.91174 0.39404
                0.51258 0.39479 0.7625
                -0.85076 0.11348 0.51316
                0.0477989 0.0155529 -0.0913877
               
              }
             }
             $node "ZygomaticusMajor_right" {
              $frame {
                0.11607 0.91174 -0.39404
                -0.51257 0.39479 0.7625
                0.85076 0.11347 0.51315
                -0.0477986 0.0155487 -0.091387
               
              }
             }
             $node "ZygomaticusMinor_left" {
              $frame {
                0.39089 -0.88958 0.23635
                0.70909 0.45475 0.53889
                -0.58686 -0.04305 0.80854
                0.0431053 0.0353719 -0.0987281
               
              }
             }
             $node "ZygomaticusMinor_right" {
              $frame {
                0.39089 0.88957 -0.23636
                -0.70907 0.45476 0.5389
                0.58687 -0.04306 0.80853
                -0.043106 0.0353691 -0.0987272
               
              }
             }
             $node "jawRP" {
              $frame {
                1 0 0
                0 1 0
                0 0 1
                0.0000037 0.0167819 -0.0356368
               
              }
              $node "Jaw" {
               $frame {
                 1 0 0
                 0 1 0
                 0 0 1
                 -0 -0.0423 -0.066719
                
               }
               $node "leftJawSpikeBone" {
                $frame {
                  0.94532 -0.3091 0.10403
                  0.16394 0.1746 -0.9709
                  0.28194 0.93486 0.21573
                  0.0599998 0.0230002 0.0700002
                 
                }
               }
               $node "rightJawSpikeBone" {
                $frame {
                  0.93759 0.3342 -0.09606
                  -0.05146 -0.13987 -0.98883
                  -0.34391 0.93207 -0.11394
                  -0.0600004 0.0229998 0.0700001
                 
                }
               }
              }
              $node "tongueRoot" {
               $frame {
                 0 0 -1
                 -0.97113 -0.23856 -0
                 -0.23856 0.97113 0
                 -0.0000001 -0.0159783 -0.0078703
                
               }
               $node "tongueMiddle" {
                $frame {
                  0.96413 0.06332 -0.25775
                  0 0.97113 0.23856
                  0.26542 -0.23 0.9363
                  0.0208829 -0.0016848 0.0068585
                 
                }
                $node "tongueUpper" {
                 $frame {
                   0.97894 -0 -0.20416
                   0 1 0
                   0.20416 0 0.97894
                   0.0215292 0 0.0021593
                  
                 }
                 $node "tongueTip" {
                  $frame {
                    1 0 0
                    0 1 0
                    0 0 1
                    0.0130536 0 0.0007766
                   
                  }
                 }
                 $node "tongueLeftRoll" {
                  $frame {
                    1 0 0
                    0 1 0
                    0 0 1
                    0.0037062 -0.0119181 -0.0017736
                   
                  }
                 }
                 $node "tongueRightRoll" {
                  $frame {
                    1 0 0
                    0 1 0
                    0 0 1
                    0.0037062 0.01192 -0.0017736
                   
                  }
                 }
                }
               }
              }
              $node "PlatysmaMinor_left" {
               $frame {
                 -0.92057 -0.31789 0.22694
                 0.24259 -0.00995 0.97008
                 -0.30612 0.94808 0.08627
                 0.024625 -0.0560927 -0.0422903
                
               }
              }
              $node "PlatysmaMinor_right" {
               $frame {
                 -0.92056 0.3179 -0.22694
                 -0.2429 -0.01094 0.96999
                 0.30588 0.94806 0.08728
                 -0.0246265 -0.0560937 -0.0422901
                
               }
              }
             }
             $node "leftEye" {
              $frame {
                1 0 0
                0 0 -1
                0 1 0
                0.0293178 0.0707622 -0.0771263
               
              }
              $node "EyeLeftPupil" {
               $frame {
                 1 0 0
                 0 1 0
                 0 0 1
                 0.0001166 0.0106658 -0
                
               }
              }
              $node "leftEye_pupil1" {
               $frame {
                 1 0 0
                 0 0 1
                 0 -1 0
                 -0.0003526 0.0175259 0.0062408
                
               }
              }
              $node "leftEye_pupil2" {
               $frame {
                 0.70711 -0 -0.70711
                 0.70711 0 0.70711
                 0 -1 0
                 0.0039903 0.0175258 0.0044419
                
               }
              }
              $node "leftEye_pupil3" {
               $frame {
                 0 0 -1
                 1 0 0
                 0 -1 0
                 0.0057891 0.017526 0.000099
                
               }
              }
              $node "leftEye_pupil4" {
               $frame {
                 -0.70711 -0 -0.70711
                 0.70711 -0 -0.70711
                 0 -1 0
                 0.0039902 0.0175258 -0.0042439
                
               }
              }
              $node "leftEye_pupil5" {
               $frame {
                 -1 0 0
                 0 0 -1
                 0 -1 0
                 -0.0003527 0.0175259 -0.0060427
                
               }
              }
              $node "leftEye_pupil6" {
               $frame {
                 -0.70711 0 0.70711
                 -0.70711 -0 -0.70711
                 0 -1 0
                 -0.0046956 0.0175259 -0.0042438
                
               }
              }
              $node "leftEye_pupil7" {
               $frame {
                 0 0 1
                 -1 0 0
                 0 -1 0
                 -0.0064945 0.0175259 0.0000991
                
               }
              }
              $node "leftEye_pupil8" {
               $frame {
                 0.69466 0 0.71934
                 -0.71934 0 0.69466
                 0 -1 0
                 -0.0046956 0.0175258 0.004442
                
               }
              }
             }
             $node "rightEye" {
              $frame {
                1 0 0
                0 0 -1
                0 1 0
                -0.0305543 0.0707621 -0.0791769
               
              }
              $node "rightEye_pupil1" {
               $frame {
                 1 0 0
                 0 0 1
                 0 -1 0
                 0.0005249 0.0154752 0.0062408
                
               }
              }
              $node "rightEye_pupil2" {
               $frame {
                 0.70711 -0 -0.70711
                 0.70711 0 0.70711
                 0 -1 0
                 0.0048678 0.0154751 0.0044419
                
               }
              }
              $node "rightEye_pupil3" {
               $frame {
                 0 0 -1
                 1 0 0
                 0 -1 0
                 0.0066667 0.0154752 0.000099
                
               }
              }
              $node "rightEye_pupil4" {
               $frame {
                 -0.70711 -0 -0.70711
                 0.70711 -0 -0.70711
                 0 -1 0
                 0.0048678 0.0154751 -0.0042439
                
               }
              }
              $node "rightEye_pupil5" {
               $frame {
                 -1 0 0
                 0 0 -1
                 0 -1 0
                 0.0005248 0.0154752 -0.0060427
                
               }
              }
              $node "rightEye_pupil6" {
               $frame {
                 -0.70711 0 0.70711
                 -0.70711 -0 -0.70711
                 0 -1 0
                 -0.0038181 0.015475 -0.0042438
                
               }
              }
              $node "rightEye_pupil7" {
               $frame {
                 0 0 1
                 -1 0 0
                 0 -1 0
                 -0.005617 0.0154751 0.0000991
                
               }
              }
              $node "rightEye_pupil8" {
               $frame {
                 0.70711 0 0.70711
                 -0.70711 0 0.70711
                 0 -1 0
                 -0.003818 0.015475 0.004442
                
               }
              }
             }
            }
           }
          }
         }
         $node "LeftPectoral" {
          $frame {
            0.11142 -0.98907 -0.0966
            -0.00632 -0.09791 0.99518
            -0.99375 -0.11027 -0.01716
            -0.0890915 0.1711858 0.1053617
           
          }
         }
         $node "RightPectoral" {
          $frame {
            -0.0063 0.09791 -0.99518
            -0.11141 -0.98907 -0.0966
            -0.99375 0.11027 0.01714
            0.0891598 0.1712347 0.1053655
           
          }
         }
         $node "LeftShoulderBlade" {
          $frame {
            0.00894 0.09768 -0.99518
            -0.15684 0.98304 0.09508
            0.98758 0.15524 0.02411
            -0.108382 0.2318603 -0.1238584
           
          }
         }
         $node "RightShoulderBlade" {
          $frame {
            -0.00892 0.09768 -0.99518
            0.15684 0.98304 0.09508
            0.98758 -0.15524 -0.02409
            0.1084611 0.2319507 -0.1238587
           
          }
         }
         $node "RightShoulder" {
          $frame {
            0.05801 -0.08426 0.99475
            -0.99811 0.01544 0.05952
            -0.02037 -0.99632 -0.08321
            0.062488 0.235389 -0.0243289
           
          }
          $node "RightArm" {
           $frame {
             0.99831 0.03104 0.0491
             0.0145 0.68538 -0.72804
             -0.05625 0.72752 0.68378
             -0.0010963 -0.1093815 -0.002607
            
           }
           $node "RightArmTwist" {
            $frame {
              1 0 0
              0 1 0
              0 0 1
              -0.0000131 -0.1414284 -0.0000334
             
            }
            $node "RightForeArm" {
             $frame {
               -0.02424 0.0251 0.99939
               -0.64238 0.7656 -0.03481
               -0.766 -0.64283 -0.00244
               0.0000196 -0.1442762 0.0000382
              
             }
             $node "RightForeArmTwist" {
              $frame {
                1 0 0
                0 1 0
                0 0 1
                -0.0000582 -0.1356288 0.0000038
               
              }
              $node "RightHand" {
               $frame {
                 -0.33994 0.19352 -0.92032
                 0.20794 0.96985 0.12712
                 0.91717 -0.14816 -0.36993
                 0.0000796 -0.1344709 0.0001272
                
               }
               $node "RightHandMiddle1" {
                $frame {
                  0.99795 0.05258 -0.03635
                  -0.05336 0.99836 -0.0207
                  0.0352 0.02259 0.99912
                  0.0112879 -0.027142 -0.0031321
                 
                }
                $node "RightHandMiddle2" {
                 $frame {
                   0.99829 0.05638 0.01528
                   -0.05525 0.99626 -0.06645
                   -0.01897 0.06549 0.99767
                   0.0001405 -0.0790429 0.0000031
                  
                 }
                 $node "RightHandMiddle3" {
                  $frame {
                    0.99945 -0.03094 0.01162
                    0.02795 0.60367 -0.79674
                    0.01764 0.79663 0.60421
                    -0.0000372 -0.0399243 -0.0000396
                   
                  }
                  $node "RightHandMiddle4" {
                   $frame {
                     0.99064 0.12864 -0.04564
                     -0.1361 0.90526 -0.40247
                     -0.01046 0.40492 0.91429
                     -0.0000787 -0.0298328 -0.0000994
                    
                   }
                   $node "RightHandMiddle5" {
                    $frame {
                      1 0 0
                      -0 0.99993 0.01154
                      -0 -0.01154 0.99993
                      0.0000571 -0.0231792 0.0000306
                     
                    }
                   }
                  }
                 }
                }
               }
               $node "RightHandRing1" {
                $frame {
                  0.99233 -0.00632 -0.12346
                  0.0041 0.99982 -0.01826
                  0.12356 0.01761 0.99218
                  -0.0037851 -0.0275009 -0.0019753
                 
                }
                $node "RightHandRing2" {
                 $frame {
                   1 0 0
                   -0 0.98368 -0.17991
                   -0 0.17991 0.98368
                   -0.0000654 -0.0787667 -0.000024
                  
                 }
                 $node "RightHandRing3" {
                  $frame {
                    1 0 0
                    -0 0.47815 -0.87828
                    0 0.87828 0.47815
                    0.0001357 -0.0333578 -0.0000252
                   
                  }
                  $node "RightHandRing4" {
                   $frame {
                     1 0 0
                     -0 0.92801 -0.37254
                     0 0.37254 0.92801
                     0.0000593 -0.0314784 0.0001229
                    
                   }
                   $node "RightHandRing5" {
                    $frame {
                      1 0 0
                      0 1 0
                      0 0 1
                      -0.0000412 -0.0250381 -0.0000721
                     
                    }
                   }
                  }
                 }
                }
               }
               $node "RightHandPinky1" {
                $frame {
                  0.99822 -0.05947 0.00475
                  0.05966 0.99498 -0.08038
                  0.00005 0.08052 0.99675
                  -0.0254951 -0.0277647 0.0012866
                 
                }
                $node "RightHandPinky2" {
                 $frame {
                   0.95068 -0.16263 -0.26413
                   0.15396 0.98664 -0.05334
                   0.26928 0.01004 0.96301
                   0.0000939 -0.0713357 -0.000052
                  
                 }
                 $node "RightHandPinky3" {
                  $frame {
                    0.99993 -0 0.01162
                    0.00953 0.57218 -0.82007
                    -0.00665 0.82013 0.57215
                    -0.0001881 -0.0273689 -0.0000066
                   
                  }
                  $node "RightHandPinky4" {
                   $frame {
                     0.99558 0.09395 0
                     -0.07878 0.83477 -0.54493
                     -0.0512 0.54252 0.83848
                     0.000165 -0.0225592 0.0001406
                    
                   }
                   $node "RightHandPinky5" {
